SAMPLE SECOND 1
================================================

1080p GOP sizes : [-1, 3, 7, 7, 4, 6, 7, 5, 4, 6, 2, 3, 8, 8, 5, 4, 3, 8, 6, 6, 5, 3, 7, 6, 8, 2, 3, 6, 5, 6]

720p GOP sizes : [5, 2.25, 5.25, 5.25, 3.0, 4.5, 5.25, 3.75, 3.0, 4.5, 1.5, 2.25, 6.0, 6.0, 3.75, 3.0, 2.25, 6.0, 4.5, 4.5, 3.75, 2.25, 5.25, 4.5, 6.0, 1.5, 2.25, 4.5, 3.75, 4.5]

480p GOP sizes : [3.3, 1.5, 3.5, 3.5, 2.0, 3.0, 3.5, 2.5, 2.0, 3.0, 1.0, 1.5, 4.0, 4.0, 2.5, 2.0, 1.5, 4.0, 3.0, 3.0, 2.5, 1.5, 3.5, 3.0, 4.0, 1.0, 1.5, 3.0, 2.5, 3.0]

360p GOP sizes : [1.65, 0.75, 1.75, 1.75, 1.0, 1.5, 1.75, 1.25, 1.0, 1.5, 0.5, 0.75, 2.0, 2.0, 1.25, 1.0, 0.75, 2.0, 1.5, 1.5, 1.25, 0.75, 1.75, 1.5, 2.0, 0.5, 0.75, 1.5, 1.25, 1.5]


SAMPLE SECOND 2
================================================

1080p GOP sizes : [-1, 6, 2, 5, 8, 8, 7, 5, 3, 5, 3, 3, 5, 4, 4, 2, 8, 3, 4, 6, 3, 4, 5, 4, 3, 7, 3, 7, 7, 6]

720p GOP sizes : [2, 4.5, 1.5, 3.75, 6.0, 6.0, 5.25, 3.75, 2.25, 3.75, 2.25, 2.25, 3.75, 3.0, 3.0, 1.5, 6.0, 2.25, 3.0, 4.5, 2.25, 3.0, 3.75, 3.0, 2.25, 5.25, 2.25, 5.25, 5.25, 4.5]

480p GOP sizes : [1.32, 3.0, 1.0, 2.5, 4.0, 4.0, 3.5, 2.5, 1.5, 2.5, 1.5, 1.5, 2.5, 2.0, 2.0, 1.0, 4.0, 1.5, 2.0, 3.0, 1.5, 2.0, 2.5, 2.0, 1.5, 3.5, 1.5, 3.5, 3.5, 3.0]

360p GOP sizes : [0.66, 1.5, 0.5, 1.25, 2.0, 2.0, 1.75, 1.25, 0.75, 1.25, 0.75, 0.75, 1.25, 1.0, 1.0, 0.5, 2.0, 0.75, 1.0, 1.5, 0.75, 1.0, 1.25, 1.0, 0.75, 1.75, 0.75, 1.75, 1.75, 1.5]


SAMPLE SECOND 3
================================================

1080p GOP sizes : [-1, 6, 2, 5, 2, 7, 8, 8, 4, 4, 2, 3, 6, 2, 2, 7, 7, 5, 7, 3, 8, 5, 3, 4, 6, 3, 5, 7, 6, 8]

720p GOP sizes : [2, 4.5, 1.5, 3.75, 1.5, 5.25, 6.0, 6.0, 3.0, 3.0, 1.5, 2.25, 4.5, 1.5, 1.5, 5.25, 5.25, 3.75, 5.25, 2.25, 6.0, 3.75, 2.25, 3.0, 4.5, 2.25, 3.75, 5.25, 4.5, 6.0]

480p GOP sizes : [1.32, 3.0, 1.0, 2.5, 1.0, 3.5, 4.0, 4.0, 2.0, 2.0, 1.0, 1.5, 3.0, 1.0, 1.0, 3.5, 3.5, 2.5, 3.5, 1.5, 4.0, 2.5, 1.5, 2.0, 3.0, 1.5, 2.5, 3.5, 3.0, 4.0]

360p GOP sizes : [0.66, 1.5, 0.5, 1.25, 0.5, 1.75, 2.0, 2.0, 1.0, 1.0, 0.5, 0.75, 1.5, 0.5, 0.5, 1.75, 1.75, 1.25, 1.75, 0.75, 2.0, 1.25, 0.75, 1.0, 1.5, 0.75, 1.25, 1.75, 1.5, 2.0]


SAMPLE SECOND 4
================================================

1080p GOP sizes : [-1, 5, 4, 6, 8, 6, 6, 5, 3, 5, 5, 3, 8, 3, 4, 2, 3, 2, 5, 4, 2, 4, 8, 3, 6, 8, 5, 8, 2, 8]

720p GOP sizes : [3, 3.75, 3.0, 4.5, 6.0, 4.5, 4.5, 3.75, 2.25, 3.75, 3.75, 2.25, 6.0, 2.25, 3.0, 1.5, 2.25, 1.5, 3.75, 3.0, 1.5, 3.0, 6.0, 2.25, 4.5, 6.0, 3.75, 6.0, 1.5, 6.0]

480p GOP sizes : [1.98, 2.5, 2.0, 3.0, 4.0, 3.0, 3.0, 2.5, 1.5, 2.5, 2.5, 1.5, 4.0, 1.5, 2.0, 1.0, 1.5, 1.0, 2.5, 2.0, 1.0, 2.0, 4.0, 1.5, 3.0, 4.0, 2.5, 4.0, 1.0, 4.0]

360p GOP sizes : [0.99, 1.25, 1.0, 1.5, 2.0, 1.5, 1.5, 1.25, 0.75, 1.25, 1.25, 0.75, 2.0, 0.75, 1.0, 0.5, 0.75, 0.5, 1.25, 1.0, 0.5, 1.0, 2.0, 0.75, 1.5, 2.0, 1.25, 2.0, 0.5, 2.0]


SAMPLE SECOND 5
================================================

1080p GOP sizes : [-1, 7, 6, 6, 6, 8, 7, 2, 7, 3, 4, 8, 7, 6, 5, 2, 7, 5, 4, 3, 3, 5, 5, 4, 7, 3, 8, 8, 8, 6]

720p GOP sizes : [5, 5.25, 4.5, 4.5, 4.5, 6.0, 5.25, 1.5, 5.25, 2.25, 3.0, 6.0, 5.25, 4.5, 3.75, 1.5, 5.25, 3.75, 3.0, 2.25, 2.25, 3.75, 3.75, 3.0, 5.25, 2.25, 6.0, 6.0, 6.0, 4.5]

480p GOP sizes : [3.3, 3.5, 3.0, 3.0, 3.0, 4.0, 3.5, 1.0, 3.5, 1.5, 2.0, 4.0, 3.5, 3.0, 2.5, 1.0, 3.5, 2.5, 2.0, 1.5, 1.5, 2.5, 2.5, 2.0, 3.5, 1.5, 4.0, 4.0, 4.0, 3.0]

360p GOP sizes : [1.65, 1.75, 1.5, 1.5, 1.5, 2.0, 1.75, 0.5, 1.75, 0.75, 1.0, 2.0, 1.75, 1.5, 1.25, 0.5, 1.75, 1.25, 1.0, 0.75, 0.75, 1.25, 1.25, 1.0, 1.75, 0.75, 2.0, 2.0, 2.0, 1.5]


SAMPLE SECOND 6
================================================

1080p GOP sizes : [-1, 5, 5, 4, 8, 2, 5, 3, 5, 2, 5, 3, 2, 8, 5, 2, 3, 6, 5, 2, 3, 4, 8, 8, 8, 4, 6, 3, 8, 5]

720p GOP sizes : [3, 3.75, 3.75, 3.0, 6.0, 1.5, 3.75, 2.25, 3.75, 1.5, 3.75, 2.25, 1.5, 6.0, 3.75, 1.5, 2.25, 4.5, 3.75, 1.5, 2.25, 3.0, 6.0, 6.0, 6.0, 3.0, 4.5, 2.25, 6.0, 3.75]

480p GOP sizes : [1.98, 2.5, 2.5, 2.0, 4.0, 1.0, 2.5, 1.5, 2.5, 1.0, 2.5, 1.5, 1.0, 4.0, 2.5, 1.0, 1.5, 3.0, 2.5, 1.0, 1.5, 2.0, 4.0, 4.0, 4.0, 2.0, 3.0, 1.5, 4.0, 2.5]

360p GOP sizes : [0.99, 1.25, 1.25, 1.0, 2.0, 0.5, 1.25, 0.75, 1.25, 0.5, 1.25, 0.75, 0.5, 2.0, 1.25, 0.5, 0.75, 1.5, 1.25, 0.5, 0.75, 1.0, 2.0, 2.0, 2.0, 1.0, 1.5, 0.75, 2.0, 1.25]


SAMPLE SECOND 7
================================================

1080p GOP sizes : [-1, 7, 5, 5, 3, 2, 7, 7, 7, 5, 7, 8, 5, 3, 2, 4, 5, 5, 2, 3, 4, 8, 7, 6, 6, 4, 6, 8, 8, 2]

720p GOP sizes : [3, 5.25, 3.75, 3.75, 2.25, 1.5, 5.25, 5.25, 5.25, 3.75, 5.25, 6.0, 3.75, 2.25, 1.5, 3.0, 3.75, 3.75, 1.5, 2.25, 3.0, 6.0, 5.25, 4.5, 4.5, 3.0, 4.5, 6.0, 6.0, 1.5]

480p GOP sizes : [1.98, 3.5, 2.5, 2.5, 1.5, 1.0, 3.5, 3.5, 3.5, 2.5, 3.5, 4.0, 2.5, 1.5, 1.0, 2.0, 2.5, 2.5, 1.0, 1.5, 2.0, 4.0, 3.5, 3.0, 3.0, 2.0, 3.0, 4.0, 4.0, 1.0]

360p GOP sizes : [0.99, 1.75, 1.25, 1.25, 0.75, 0.5, 1.75, 1.75, 1.75, 1.25, 1.75, 2.0, 1.25, 0.75, 0.5, 1.0, 1.25, 1.25, 0.5, 0.75, 1.0, 2.0, 1.75, 1.5, 1.5, 1.0, 1.5, 2.0, 2.0, 0.5]


SAMPLE SECOND 8
================================================

1080p GOP sizes : [-1, 7, 8, 2, 3, 6, 7, 4, 3, 5, 6, 2, 4, 4, 5, 4, 4, 4, 7, 5, 5, 5, 6, 6, 7, 4, 6, 6, 6, 2]

720p GOP sizes : [4, 5.25, 6.0, 1.5, 2.25, 4.5, 5.25, 3.0, 2.25, 3.75, 4.5, 1.5, 3.0, 3.0, 3.75, 3.0, 3.0, 3.0, 5.25, 3.75, 3.75, 3.75, 4.5, 4.5, 5.25, 3.0, 4.5, 4.5, 4.5, 1.5]

480p GOP sizes : [2.64, 3.5, 4.0, 1.0, 1.5, 3.0, 3.5, 2.0, 1.5, 2.5, 3.0, 1.0, 2.0, 2.0, 2.5, 2.0, 2.0, 2.0, 3.5, 2.5, 2.5, 2.5, 3.0, 3.0, 3.5, 2.0, 3.0, 3.0, 3.0, 1.0]

360p GOP sizes : [1.32, 1.75, 2.0, 0.5, 0.75, 1.5, 1.75, 1.0, 0.75, 1.25, 1.5, 0.5, 1.0, 1.0, 1.25, 1.0, 1.0, 1.0, 1.75, 1.25, 1.25, 1.25, 1.5, 1.5, 1.75, 1.0, 1.5, 1.5, 1.5, 0.5]


SAMPLE SECOND 9
================================================

1080p GOP sizes : [-1, 2, 6, 6, 6, 4, 7, 7, 2, 2, 5, 8, 6, 2, 4, 3, 8, 4, 4, 8, 7, 4, 8, 2, 5, 8, 6, 2, 5, 8]

720p GOP sizes : [2, 1.5, 4.5, 4.5, 4.5, 3.0, 5.25, 5.25, 1.5, 1.5, 3.75, 6.0, 4.5, 1.5, 3.0, 2.25, 6.0, 3.0, 3.0, 6.0, 5.25, 3.0, 6.0, 1.5, 3.75, 6.0, 4.5, 1.5, 3.75, 6.0]

480p GOP sizes : [1.32, 1.0, 3.0, 3.0, 3.0, 2.0, 3.5, 3.5, 1.0, 1.0, 2.5, 4.0, 3.0, 1.0, 2.0, 1.5, 4.0, 2.0, 2.0, 4.0, 3.5, 2.0, 4.0, 1.0, 2.5, 4.0, 3.0, 1.0, 2.5, 4.0]

360p GOP sizes : [0.66, 0.5, 1.5, 1.5, 1.5, 1.0, 1.75, 1.75, 0.5, 0.5, 1.25, 2.0, 1.5, 0.5, 1.0, 0.75, 2.0, 1.0, 1.0, 2.0, 1.75, 1.0, 2.0, 0.5, 1.25, 2.0, 1.5, 0.5, 1.25, 2.0]


SAMPLE SECOND 10
================================================

1080p GOP sizes : [-1, 2, 7, 8, 5, 5, 4, 6, 4, 8, 6, 7, 4, 7, 3, 7, 4, 8, 3, 4, 3, 8, 6, 6, 2, 4, 7, 6, 5, 5]

720p GOP sizes : [6, 1.5, 5.25, 6.0, 3.75, 3.75, 3.0, 4.5, 3.0, 6.0, 4.5, 5.25, 3.0, 5.25, 2.25, 5.25, 3.0, 6.0, 2.25, 3.0, 2.25, 6.0, 4.5, 4.5, 1.5, 3.0, 5.25, 4.5, 3.75, 3.75]

480p GOP sizes : [3.96, 1.0, 3.5, 4.0, 2.5, 2.5, 2.0, 3.0, 2.0, 4.0, 3.0, 3.5, 2.0, 3.5, 1.5, 3.5, 2.0, 4.0, 1.5, 2.0, 1.5, 4.0, 3.0, 3.0, 1.0, 2.0, 3.5, 3.0, 2.5, 2.5]

360p GOP sizes : [1.98, 0.5, 1.75, 2.0, 1.25, 1.25, 1.0, 1.5, 1.0, 2.0, 1.5, 1.75, 1.0, 1.75, 0.75, 1.75, 1.0, 2.0, 0.75, 1.0, 0.75, 2.0, 1.5, 1.5, 0.5, 1.0, 1.75, 1.5, 1.25, 1.25]


